81.37180
220.0070
81.50120
250.6250
91.96250
307.890
109.4190
354.770
131.2270
391.3750
154.7740
411.2390
187.8240
439.1590
219.8350
449.0690
239.2950
448.5180
259.8320
446.7180
288.0470
434.8750
316.8040
407.1990
337.2270
388.4630
357.0270
349.6610
370.0270
301.0610
378.4170
245.9880
375.6830
215.0430
94.20160
197.4710
101.4970
178.4840
117.8140
166.2480
138.4410
160.5740
162.0710
160.8770
186.6470
164.250
202.8260
181.1770
183.8930
182.6170
163.3290
178.3480
143.2380
177.0890
124.1690
180.560
108.5590
190.3270
256.4690
178.1720
271.7060
159.2040
293.6630
154.5470
315.4210
153.6590
335.3330
157.2250
352.7190
168.6880
361.4570
189.5950
346.4990
180.1010
330.1170
171.110
311.1470
169.8760
291.5820
173.0860
273.4170
179.5540
130.7630
211.9220
148.5520
197.8060
168.4550
196.9810
182.3890
208.0360
167.8480
211.8240
149.1260
213.2540
274.3270
203.6290
288.850
191.2470
308.130
190.9390
326.1920
206.7690
308.3610
208.1460
289.6820
207.8660
231.9680
207.2630
232.3540
224.4830
233.5720
246.3040
233.3670
268.5840
188.2070
286.5770
196.4650
294.1840
211.960
298.3240
231.10
301.7030
253.1110
298.7290
267.8390
291.9950
273.5970
285.7220
173.2910
349.2450
190.910
337.4990
213.3550
330.9770
232.7920
335.5860
252.2860
330.5940
275.0010
337.7520
292.6960
348.5090
275.0240
364.2420
254.5280
371.7760
232.1690
373.9690
209.3660
371.7740
190.2320
362.6130
179.1090
349.1770
200.1070
346.9360
232.5530
349.0260
264.5170
344.850
287.5110
348.1610
264.3540
350.9250
231.6020
349.670
198.9450
350.1840
81.21690
196.8990
94.26340
145.610
123.9290
109.4330
159.9120
80.51490
195.5590
72.90660
228.8110
71.68450
259.270
73.05610
290.8120
79.04320
330.0610
105.840
361.4960
139.4010
373.8140
189.0540
157.7860
206.6860
299.350
201.4870
181.0880
349.8040
188.1360
348.3290
200.1070
346.9360
214.7550
347.0470
251.060
346.4510
264.5170
344.850
275.9560
346.1140
283.3440
348.1540
282.9290
348.7650
274.2910
350.390
264.3540
350.9250
249.7340
350.8610
212.1470
349.9840
198.9450
350.1840
190.2950
350.0320
183.9810
350.2390
178.3640
300.990
157.9570
324.8790
149.1290
347.4570
160.5570
378.70
176.2640
397.830
186.0660
414.1910
205.3380
426.2270
238.3990
426.7420
269.3310
423.3520
286.9830
414.8680
294.4640
400.9280
310.6580
379.5610
322.0190
344.0980
307.7320
320.8490
284.3580
298.1990
126.8930
339.4280
116.8370
306.0770
116.4610
268.7580
123.0520
244.1250
340.8830
335.7210
346.4240
302.4520
343.1720
266.6160
333.6180
240.5290
114.2750
145.6090
159.0630
134.9480
202.1230
135.7630
230.6390
135.9320
256.8860
130.9740
297.2520
127.9850
340.9650
137.9380
184.990
252.6270
182.2260
235.7340
270.0870
244.1710
270.7970
227.2080
149.9050
252.5210
306.5010
249.7630
