82.89610
258.3650
80.85330
287.6460
88.28210
343.1070
103.8560
388.1630
122.4420
424.4930
143.5030
445.3450
173.2230
474.7780
202.6070
484.7240
220.7960
484.7150
239.8060
483.2560
266.9450
471.2490
296.6880
442.6820
316.9310
423.690
337.420
383.3210
349.4410
333.5240
356.890
276.8960
353.4180
246.8290
94.65440
238.4480
104.360
223.0360
120.470
214.4510
138.4490
211.5980
157.5730
212.8280
176.4920
215.6460
188.5420
228.2830
173.570
229.9310
157.4720
226.3210
140.9750
224.3560
124.4290
225.5460
109.4810
232.3410
240.9080
228.2750
252.730
214.8430
270.8940
211.3010
289.640
209.6720
308.1940
209.9430
325.940
214.5170
337.4780
226.9750
322.1130
224.350
305.4870
220.9390
288.0730
221.8390
271.1990
224.9490
256.0280
229.8740
126.070
258.6670
141.6680
248.7060
159.80
248.1670
173.0560
259.6760
158.620
263.4640
141.3930
264.1270
260.8760
256.90
273.7470
243.8350
291.7740
243.4580
309.6220
253.6020
292.3290
261.2380
274.8430
261.3250
215.8980
253.7820
213.8590
273.830
211.680
298.5080
210.7520
321.5540
170.8430
332.1880
178.5390
341.0570
194.0910
347.8890
212.7660
352.7550
234.540
348.6590
251.2980
338.8150
257.3540
331.2880
160.2670
388.8220
177.880
382.0140
199.8020
377.5410
216.2110
381.4510
232.2390
377.0680
255.7260
381.3920
276.6110
387.5190
260.380
404.1350
240.2630
414.3150
218.7030
417.7620
195.5620
414.6680
175.0220
403.4750
165.4140
390.1010
188.2010
391.0160
217.7710
394.3850
246.4710
388.6820
271.960
388.4730
250.270
393.4230
218.1350
395.1090
183.8850
393.0920
84.54990
237.540
99.5190
194.5550
126.6420
166.0970
156.7210
142.6740
186.2910
137.3140
214.1010
136.7590
240.070
137.9520
267.640
142.1280
303.330
162.6530
335.2030
185.5160
350.2090
224.0730
150.010
257.1590
283.9240
253.4160
168.6960
390.6680
176.0910
390.6040
188.2010
391.0160
202.6060
392.4620
232.9930
391.6740
246.4710
388.6820
258.3390
387.5770
266.6790
388.3460
266.8730
389.5250
259.0570
391.7090
250.270
393.4230
235.8560
395.2580
198.1810
394.5010
183.8850
393.0920
175.6450
391.9770
169.6890
391.2890
163.0510
345.7990
144.9620
366.4110
137.1560
386.2370
147.9410
416.4420
163.180
435.5370
172.2530
451.7640
189.7160
463.7280
220.3210
465.0260
248.9570
461.4510
266.980
452.1810
276.1390
437.8470
292.4950
416.7570
303.3840
381.0220
289.5520
360.550
267.1360
342.010
116.8870
377.4580
108.1410
345.5170
109.380
310.6060
116.8690
288.1930
321.1670
372.5150
326.8850
339.610
322.7670
304.50
314.3750
281.990
118.3810
197.3050
156.6480
191.4590
190.4830
192.2250
215.270
193.0450
238.0840
191.0270
272.2450
189.1260
312.6210
191.4490
169.8890
299.1960
170.3530
283.550
253.2490
291.2550
255.8370
276.0390
139.6820
298.1030
288.9630
293.7950
